 ,Mg,Rg,a,ad,ag,al,an,b,begin,bg,bl,c,cc,d,dg,dl,e,end,f,gb,gc,gg,gi,gm,gp,h,i,j,k,l,m,mq,n,nba,nbc,nf,ng,nhd,nhm,nis,nit,nmc,nnd,nnt,nr,nr1,nr2,nrf,nrj,ns,nsf,nt,ntc,ntcb,nto,ntu,nx,nz,o,p,pba,pbei,q,qt,qv,r,rr,ry,rys,ryt,ryv,rz,rzs,rzt,rzv,s,t,tg,u,ude1,ude2,ude3,udeng,udh,uguo,ule,ulian,uls,usuo,uyy,uzhe,uzhi,v,vd,vf,vg,vi,vl,vn,vshi,vx,vyou,w,x,xu,y,z
Mg,0,0,0,0,0,0,0,2,0,0,0,0,0,1,0,0,0,0,0,0,0,0,0,0,0,0,0,0,1,0,0,3,15,0,0,0,0,0,0,4,0,0,0,0,0,0,0,1,0,0,0,0,0,0,0,0,0,1,0,1,0,0,0,0,0,0,1,0,0,0,0,0,0,0,0,0,1,0,0,2,0,0,1,0,0,0,0,0,0,0,0,0,3,0,0,0,0,0,0,0,0,1,25,2,0,0,0
Rg,0,1,0,0,5,0,0,11,0,0,0,3,7,11,0,0,0,0,1,0,0,0,0,0,0,0,0,0,0,0,0,0,40,0,0,0,12,0,0,2,0,0,0,0,5,0,0,12,0,0,2,0,0,0,0,0,0,2,0,8,0,1,0,0,0,0,0,1,0,0,0,2,0,0,0,0,1,0,0,13,0,0,7,0,0,0,0,0,0,0,0,0,25,0,9,3,0,0,2,1,0,3,54,0,0,0,0
a,9,3,14727,801,1905,51,1564,3952,0,24,27,1672,5075,11323,20,22,68,3793,4640,164,56,20,190,55,15,2,0,71,515,20,10512,4988,122935,0,0,1643,6778,192,16,4165,22,30,1572,4968,1086,51,0,450,24,2702,202,28,84,0,0,0,0,11401,38,6729,297,521,5500,1585,1105,772,931,162,9,8,105,878,27,1,247,655,2997,603,168,79251,6098,886,1144,237,253,9569,31,173,146,39,286,1369,62874,143,2609,1718,11716,380,20962,1810,8,1101,121438,1372,0,1597,508
ad,0,0,2048,542,32,17,120,226,0,0,4,296,888,3200,1,7,3,208,426,11,2,1,25,6,3,0,0,1,41,2,335,179,8715,0,0,27,157,59,1,111,0,0,30,279,37,1,0,10,0,145,12,15,7,0,0,0,0,1586,0,3660,542,429,55,29,20,160,94,9,0,0,3,150,4,0,38,58,93,14,10,7883,1209,27,56,40,33,595,3,24,6,20,14,63,47844,93,505,192,6476,252,7239,1066,73,618,10494,25,0,86,35
ag,0,29,816,15,480,0,14,479,0,0,1,60,238,711,9,5,0,125,363,48,2,0,4,1,0,0,0,2,76,1,361,68,4992,0,0,53,1282,10,0,460,2,1,92,492,112,9,0,140,0,136,1,0,8,0,0,0,0,1093,37,359,5,27,261,65,59,15,71,16,0,0,6,433,0,0,14,45,110,103,1,690,13,15,78,0,6,127,3,5,23,6,17,42,4425,9,85,511,417,22,396,46,0,49,3614,111,0,80,18
al,0,0,36,4,1,0,5,4,0,0,0,19,17,121,0,0,0,47,38,0,0,0,0,0,0,0,0,0,6,0,49,24,153,0,0,0,36,0,0,0,0,0,0,1,2,2,0,3,0,1,0,0,0,0,0,0,0,29,0,46,1,4,9,1,0,14,13,0,0,0,0,9,0,0,3,3,23,0,1,1867,489,5,7,8,0,135,0,0,0,1,0,10,234,2,15,7,31,11,40,23,0,35,4141,2,0,29,6
an,0,0,779,78,16,4,209,146,0,0,4,173,1547,1166,0,1,0,447,423,0,0,0,20,7,0,0,0,0,35,4,697,130,9166,0,0,18,207,0,0,869,4,0,37,490,9,1,0,10,0,43,2,0,0,0,0,0,0,312,0,370,9,29,41,21,49,65,66,4,0,0,13,28,0,0,15,19,83,4,66,4051,248,6,336,8,5,281,0,7,18,1,21,131,3299,20,94,53,726,56,3576,212,0,53,16079,6,0,142,67
b,4,16,3370,289,530,8,762,4310,0,1,17,579,1172,2971,89,14,6,362,3180,70,39,25,159,28,29,0,0,81,228,4,2160,822,80543,2,0,748,3268,251,0,7442,34,8,1989,10364,351,25,0,311,10,1621,181,73,94,0,42,0,0,5125,25,2496,47,191,1403,354,291,160,94,17,0,0,11,1039,29,0,81,537,910,199,11,10807,217,48,444,11,23,145,1,20,69,23,142,156,23261,468,462,796,3941,126,15097,2016,8,810,12593,1158,0,55,83
begin,0,4,11769,2640,801,472,403,14566,0,2,2238,50266,12342,32636,18,1973,76,261441,7663,75,26,38,369,64,17,5,12,640,17,29,30969,7883,87297,12,0,2693,2251,398,19,6299,81,55,3710,16800,43466,3209,22,6717,830,33479,6979,2761,1834,42,314,219,0,26482,65,86753,387,838,1203,733,90,9726,24674,576,19,20,1523,15607,1732,660,12131,3794,84558,839,8,11,20,12,201,0,73,1,89,1,129,5,10,1,69261,521,1025,1509,8591,2452,10943,490,3,3455,128962,3569,0,24,698
bg,0,0,1,0,0,0,0,0,0,0,0,0,2,2,0,0,0,0,2,0,0,0,0,0,0,0,0,0,0,0,1,0,51,0,0,0,7,0,0,0,0,0,0,0,1,0,0,1,0,0,0,0,0,0,0,0,0,1,0,2,0,0,29,0,0,0,1,0,0,0,0,0,0,0,0,0,0,0,0,1,0,0,2,0,0,0,0,0,0,0,0,0,8,0,0,0,0,0,0,0,0,0,8,0,0,0,0
bl,0,0,35,11,0,11,4,2,0,0,0,7,36,234,0,0,0,19,54,0,0,0,0,1,0,0,0,0,0,0,10,18,223,0,0,5,6,0,0,7,0,0,2,11,11,0,0,8,1,23,8,1,1,0,0,0,0,31,1,44,3,2,1,1,0,17,95,0,0,0,2,16,1,0,24,1,2,2,0,1684,24,0,11,1,1,2,0,0,0,4,0,11,403,11,3,4,80,22,71,41,0,6,3299,3,0,3,1
c,1,0,6975,1667,192,125,326,2129,0,0,174,3595,1234,23978,11,232,1,10,1510,57,14,6,89,35,12,0,0,80,11,24,5144,4284,27024,8,0,748,384,260,7,1392,16,11,459,1543,2931,315,7,715,146,2387,718,102,156,1,2,4,0,5320,4,16046,542,985,559,171,30,2255,13266,563,6,28,388,3817,292,73,3189,1031,5052,107,3,215,7,60,47,16,39,95,55,1,42,28,6,1,42925,337,646,309,4409,1075,4199,5481,7,2867,31556,508,2,75,224
cc,0,9,9448,1504,405,54,1347,5180,0,2,120,2537,820,8556,37,96,0,8,3375,252,43,123,363,54,29,1,2,245,2,22,7416,2538,82604,19,3,1704,1136,451,26,4214,96,107,1297,4232,10115,671,12,2414,137,9490,3036,405,513,16,89,48,0,10977,18,10113,255,761,375,148,120,1243,5855,97,1,7,66,2857,255,27,2465,1937,5909,196,0,57,19,8,22,0,153,15,16,0,94,0,18,308,44784,387,884,564,5513,698,15124,19,95,506,6177,1703,0,0,348
d,0,1,84959,13305,1300,1152,4084,5247,0,0,246,6977,6577,91569,168,424,15,709,5860,62,2,6,110,95,13,1,6,54,119,97,17373,5439,51629,6,0,487,4033,253,10,1219,11,4,225,1455,1803,464,2,469,81,2054,513,42,92,1,5,1,0,19233,61,69851,3884,11881,5725,1471,543,2828,4681,372,25,203,859,5675,280,18,2043,1239,3272,1225,141,14744,2651,1378,475,31,3,3075,749,154,600,1014,400,235,409965,2985,10731,4102,44368,7447,26493,41243,419,22142,37611,500,0,311,1133
dg,0,0,234,0,37,0,1,3,0,0,0,0,12,160,0,0,1,17,11,0,0,0,0,0,0,0,0,0,0,0,10,3,87,0,0,0,59,0,0,15,0,0,1,6,9,0,0,4,0,1,0,0,0,0,0,0,0,56,1,121,0,0,19,6,2,0,26,0,0,0,0,0,1,0,2,0,2,1,0,16,2,2,1,0,0,26,0,0,0,0,0,4,315,0,151,96,24,1,6,53,0,8,131,0,0,3,0
dl,0,0,121,32,10,0,3,17,0,0,1,39,29,635,1,0,0,21,67,0,0,1,1,11,0,0,0,0,0,1,41,28,310,0,0,9,5,4,0,6,1,0,7,20,12,0,0,2,0,79,16,2,0,0,1,0,0,76,3,234,31,25,4,0,0,10,41,0,0,0,0,12,3,0,8,14,5,1,0,363,650,2,5,0,0,5,0,0,2,2,0,9,1272,13,31,0,92,31,139,59,1,12,3489,2,0,12,7
e,0,0,2,0,3,0,0,1,0,0,0,0,0,6,0,0,9,12,1,0,0,0,0,0,0,0,0,0,2,0,7,4,11,0,0,0,0,0,0,0,0,0,0,0,1,0,0,0,0,0,0,0,0,0,0,0,0,0,1,2,0,0,0,1,0,0,4,4,0,0,1,0,0,0,0,0,0,0,0,0,1,1,1,0,0,8,0,0,0,0,0,0,25,0,4,0,4,0,3,0,0,2,1286,0,0,2,0
end,0,0,0,0,0,0,0,0,0,0,0,0,0,0,0,0,0,0,0,0,0,0,0,0,0,0,0,0,0,0,0,0,0,0,0,0,0,0,0,0,0,0,0,0,0,0,0,0,0,0,0,0,0,0,0,0,0,0,0,0,0,0,0,0,0,0,0,0,0,0,0,0,0,0,0,0,0,0,0,0,0,0,0,0,0,0,0,0,0,0,0,0,0,0,0,0,0,0,0,0,0,0,0,0,0,0,0
f,12,8,6019,1726,428,157,225,5021,0,2,78,1565,1998,27637,36,80,4,624,2231,72,7,9,98,249,10,2,0,89,216,23,8478,6190,33980,18,0,286,2386,113,2,2223,22,38,293,2356,1393,111,0,515,21,1859,440,54,73,3,12,0,0,6271,32,6772,174,1217,1367,1397,235,757,2279,157,12,2,139,1379,83,2,562,783,1602,168,199,37572,53,81,475,30,181,2040,77,127,581,84,46,100,62879,374,1550,1068,8458,1193,7075,1523,75,3786,125523,296,0,176,368
gb,0,0,82,18,4,0,4,13,0,0,0,41,193,196,0,0,0,53,118,68,5,1,0,5,0,0,0,1,7,0,21,1,558,0,0,2,68,45,2,7,3,21,0,34,0,6,0,10,0,1,0,0,0,0,0,0,0,58,0,85,1,13,43,2,4,8,0,0,0,0,0,32,0,0,1,6,4,0,0,452,0,0,72,1,3,11,0,1,8,0,0,1,463,1,14,1,110,2,167,33,0,30,1874,7,0,1,1
gc,0,0,2,0,1,0,5,6,0,0,0,2,37,17,0,0,0,1,15,3,8,0,1,0,0,0,0,0,1,0,23,2,114,0,0,3,2,4,0,0,0,1,0,0,0,0,0,0,0,0,0,0,0,0,0,0,0,22,0,17,0,5,9,1,0,1,0,0,0,0,0,7,0,0,0,2,1,0,0,113,0,0,53,0,0,0,0,0,1,0,0,0,155,0,5,1,12,0,19,16,0,2,414,1,0,0,0
gg,0,0,66,4,2,1,3,22,0,0,1,6,105,82,0,0,0,4,34,0,0,0,3,0,0,0,0,0,0,0,15,0,468,0,0,0,9,0,0,11,3,0,0,1,1,0,0,0,0,0,0,0,0,0,0,0,0,9,0,21,0,1,7,4,0,0,0,0,0,0,0,2,0,0,1,0,1,0,0,93,1,0,66,0,0,0,0,4,0,1,0,0,164,10,0,2,29,8,157,5,0,1,452,0,0,0,0
gi,0,0,215,21,9,0,22,48,0,0,0,42,369,413,2,2,0,255,305,1,0,0,18,0,0,0,0,0,42,0,69,28,1396,0,0,5,21,2,0,45,1,0,13,59,10,2,0,4,0,15,2,0,0,0,0,0,0,150,0,198,2,11,24,3,2,8,10,0,0,0,4,13,0,0,11,23,15,0,2,641,2,0,151,2,7,37,0,7,6,3,0,3,1264,4,12,10,172,24,739,31,1,11,2675,19,0,0,3
gm,0,0,53,29,1,0,13,16,0,0,0,4,61,71,0,0,0,125,32,0,0,0,5,0,37,0,0,0,15,0,50,20,1492,1,0,6,25,0,0,12,0,0,5,3,9,0,0,0,0,0,0,0,0,0,0,0,0,71,0,34,1,4,16,4,0,0,1,0,0,0,0,1,0,0,0,20,6,1,4,2508,0,0,30,0,0,12,0,0,1,1,0,4,231,0,8,1,55,2,156,20,0,0,868,3,0,3,3
gp,0,0,19,14,0,0,1,0,0,0,0,4,50,47,0,0,0,4,40,0,0,0,0,0,0,0,0,0,1,0,43,1,135,0,0,3,17,0,0,3,0,0,0,9,0,0,0,0,0,0,0,0,0,0,0,0,0,9,0,69,0,0,4,0,0,0,0,0,0,0,0,3,1,0,0,2,5,0,0,102,0,0,2,0,0,4,0,0,0,0,0,0,115,0,2,0,6,0,54,15,0,2,225,3,0,1,0
h,0,0,0,0,0,0,0,0,0,0,0,0,0,0,0,0,0,0,0,0,0,0,0,0,0,0,0,0,0,0,0,0,0,0,0,0,0,0,0,0,0,0,0,0,0,102,0,0,0,0,0,0,0,0,0,0,0,0,0,0,0,0,0,0,0,0,0,0,0,0,0,0,0,0,0,0,0,0,0,0,0,0,0,0,0,0,0,0,0,0,0,0,0,0,0,0,0,0,0,0,0,0,0,0,0,0,0
i,0,0,0,0,0,0,0,0,0,0,0,0,0,0,0,0,0,1,0,0,0,0,0,0,0,0,0,0,0,0,0,0,5,0,0,0,0,0,0,0,0,0,0,0,0,0,0,0,0,0,0,0,0,0,0,0,0,0,0,0,0,0,0,0,0,0,0,0,0,0,0,0,0,0,0,0,0,0,1,7,1,0,0,0,0,1,0,0,0,0,0,1,1,0,0,1,0,0,1,0,0,0,77,0,0,0,0
j,0,0,64,2,2,1,1,86,0,0,0,15,68,239,0,0,0,24,312,0,0,0,1,0,0,0,0,16,1,0,219,84,2703,0,0,0,41,0,0,217,4,0,10,250,8,1,0,13,0,32,3,3,2,0,0,0,0,153,0,86,1,3,46,0,0,4,5,0,0,0,0,8,1,0,10,15,176,4,0,250,0,0,37,0,0,2,0,3,7,2,0,6,719,10,3,6,108,4,257,3,2,6,746,101,0,1,2
k,0,0,643,183,24,49,41,215,0,0,4,168,324,3575,1,23,1,270,177,5,0,0,6,1,1,0,0,1,61,0,262,117,3924,0,0,39,84,79,1,135,0,0,31,292,60,21,0,50,5,33,2,0,0,0,0,0,0,653,2,1316,27,92,41,34,6,45,48,9,3,0,20,97,6,0,26,266,120,3,1,2500,18,22,39,3,2,6,1,78,50,11,1,7,5528,27,116,53,921,239,1114,106,2,95,4238,45,0,10,28
l,0,0,7,3,0,0,2,3,0,0,0,5,10,149,0,0,0,26,31,0,0,0,0,14,0,0,0,0,0,1,46,7,57,0,0,1,3,0,0,0,0,0,0,2,0,0,0,0,0,0,0,0,0,0,0,0,0,1,0,11,1,0,0,0,1,0,3,0,0,0,2,0,0,0,2,0,0,0,0,133,2,0,4,0,1,6,0,0,2,0,0,0,122,1,3,1,22,6,26,16,0,1,952,2,0,2,1
m,0,0,10147,381,779,21,302,2297,0,7,17,379,1455,5835,50,10,3,4155,4716,280,18,5,245,14,17,2,0,144,804,0,12749,2217,92348,1,0,724,7541,38,8,3481,8,9,578,1985,343,73,0,223,0,1810,203,23,47,1,22,1,0,5500,4,4484,101,332,173157,45296,18192,91,215,28,3,2,22,302,22,2,114,422,2027,232,9,9790,259,8,143,10,49,177,180,13,887,17,1,46,25922,101,2369,1173,4383,218,3838,6219,22,237,68692,6842,0,123,65
mq,0,0,13656,793,130,195,613,3838,0,2,115,552,590,10375,7,33,9,355,4377,40,10,9,120,68,23,3,1,25,18,7,3594,835,64856,3,0,1081,646,196,16,2047,31,20,1132,3939,483,185,0,234,21,1678,592,73,189,0,15,9,0,6815,13,4271,92,648,1238,247,289,121,780,91,0,5,110,236,24,1,168,687,1107,48,14,4690,168,12,28,25,23,305,38,31,60,12,10,196,22046,196,1060,415,4723,1155,6357,1467,4,463,22139,540,0,244,668
n,5,8,79562,17444,2945,943,12291,21521,0,10,486,18248,89998,224882,297,664,172,30102,141316,689,71,290,1687,1852,146,5,14,263,10373,114,63756,9458,561322,12,0,3522,24570,1075,99,60768,590,91,4311,38094,14467,3223,11,4043,211,10588,1419,270,546,3,68,13,11,57840,187,92810,1574,9710,12149,5488,1737,4587,4596,787,54,96,2358,10204,1441,23,2304,10574,19543,1044,1558,218645,1979,354,20101,583,1628,8474,386,2736,2786,2166,527,4867,474171,5575,13699,5694,78299,9463,188046,26829,686,10202,973615,6445,2,4906,3728
nba,0,0,3,3,1,0,0,1,0,0,0,1,8,15,0,0,0,2,6,0,0,2,0,0,0,0,0,0,0,0,4,2,42,1,0,1,24,4,0,4,0,0,2,0,0,0,0,3,0,0,0,0,0,0,0,0,0,5,0,6,0,0,0,3,0,0,0,0,0,0,0,0,0,0,0,1,0,0,0,9,0,0,10,0,0,0,1,0,0,0,0,0,25,0,2,0,5,0,5,13,0,2,83,0,0,0,0
nbc,0,0,0,0,0,0,0,0,0,0,0,0,0,0,0,0,0,0,0,0,0,0,0,0,0,0,0,0,0,0,0,0,3,0,0,0,0,0,0,0,0,0,0,0,0,0,0,0,0,0,0,0,0,0,0,0,0,1,0,0,0,0,0,0,0,0,0,0,0,0,0,0,0,0,0,0,0,0,0,0,0,0,0,0,0,0,0,0,0,0,0,0,0,0,0,0,0,0,0,0,0,0,1,0,0,0,0
nf,0,0,689,174,69,24,499,250,0,0,1,513,1383,2808,1,4,13,994,1860,8,8,0,5,1,0,0,0,0,300,0,780,123,5256,0,0,487,948,9,6,797,6,6,82,129,47,0,0,26,0,66,13,0,9,0,0,0,0,1022,1,1031,7,91,240,21,24,50,43,40,0,0,46,197,2,2,51,159,99,3,4,2675,13,19,1085,9,30,108,2,17,28,76,1,25,5786,32,120,94,780,80,943,607,1,262,14305,180,0,119,32
ng,2,27,2833,389,883,20,108,1556,0,1,9,506,1554,7421,187,34,11,1258,3622,52,7,8,26,21,33,0,0,19,356,0,1907,353,20068,2,0,563,4455,178,13,1593,12,6,292,2038,923,57,0,274,8,528,96,5,11,0,0,0,0,3257,42,3209,62,519,1829,325,195,157,412,22,1,1,38,841,20,0,115,320,788,82,19,5840,203,22,691,9,34,446,21,43,163,65,38,312,18642,118,498,1249,2677,199,2831,461,8,530,43190,211,0,107,152
nhd,0,0,135,28,7,0,40,89,0,0,0,150,624,378,2,0,5,314,124,13,0,0,4,0,0,0,0,0,59,0,65,25,2600,0,0,10,112,88,0,69,1,0,3,28,3,0,0,1,0,1,0,0,0,0,0,0,0,156,0,116,0,16,12,4,9,8,16,5,0,0,15,45,3,0,5,0,44,1,0,1348,9,15,560,3,0,64,0,3,8,15,5,23,949,9,11,7,316,4,374,132,0,54,5361,3,0,36,0
nhm,0,0,10,1,0,0,0,2,0,0,0,4,34,24,1,0,0,13,10,11,0,0,0,0,0,0,0,0,0,0,7,9,145,0,0,3,3,0,4,15,0,0,3,2,3,0,0,0,0,0,0,0,0,0,0,0,0,21,0,14,0,14,10,0,0,0,0,0,0,0,0,4,0,0,2,0,0,0,0,68,0,0,34,0,0,0,0,0,0,0,0,4,108,0,8,1,18,0,20,6,0,4,387,9,0,0,0
nis,0,0,2164,1621,114,13,225,4405,0,0,32,1009,6187,15282,3,80,0,1082,5531,21,1,24,50,34,6,0,1,51,205,12,6170,1830,29001,0,0,55,875,31,2,8468,858,3,796,30466,793,47,0,183,1,2586,135,4,29,0,7,0,0,3454,7,10290,183,328,411,111,47,448,208,26,3,1,106,676,37,3,241,1187,4304,96,6,15406,4,2,2096,11,18,165,20,137,186,41,0,59,41861,737,675,187,5899,393,16722,895,47,529,38739,571,1,76,37
nit,0,0,62,11,0,0,0,80,0,0,3,13,41,62,0,0,0,7,31,2,0,0,1,0,1,0,2,0,0,0,64,20,442,0,0,0,8,6,0,158,12,0,4,1004,68,1,0,3,0,6,0,0,1,0,0,0,0,23,0,27,0,2,2,0,0,6,1,0,0,0,0,5,0,1,7,8,32,0,0,214,0,0,23,0,0,0,0,1,1,0,0,0,348,4,7,5,57,0,157,10,0,5,448,4,0,0,0
nmc,0,0,12,5,0,0,0,5,0,0,0,17,99,48,0,0,0,17,24,19,1,0,0,0,0,0,0,0,2,0,5,4,149,0,0,11,6,0,2,2,0,0,0,1,0,0,0,0,0,0,0,0,0,0,0,0,0,18,0,41,0,0,6,0,1,2,1,0,0,0,0,2,0,0,0,0,0,0,0,139,0,0,67,0,3,0,0,0,2,0,0,0,178,0,5,0,5,0,16,29,0,7,484,4,0,0,0
nnd,0,0,848,466,36,6,68,350,0,0,1,223,985,3332,1,13,3,430,339,0,0,0,11,8,0,0,0,3,727,1,843,77,5606,0,0,62,176,5,2,1305,3,0,393,640,1799,132,0,698,43,217,4,0,22,0,0,0,0,1037,2,1684,26,148,68,12,12,68,20,3,4,2,47,134,16,0,57,216,268,12,0,2473,1,1,208,4,4,29,10,111,37,66,1,50,7248,68,139,249,1334,197,1273,167,1,75,7258,100,0,52,10
nnt,0,0,2958,1273,145,76,136,981,0,1,59,1005,5001,15344,5,110,0,1646,2034,0,0,0,33,9,6,3,0,17,3547,10,2093,471,19987,0,0,34,846,11,12,2342,0,0,119,4178,49366,1084,39,5883,818,461,93,64,21,0,1,0,0,2823,22,13341,165,632,463,141,62,244,408,31,8,3,135,681,56,1,261,964,3217,177,4,11596,3,17,821,101,23,278,108,250,251,81,140,137,49532,590,698,328,4668,634,7164,826,41,332,52205,471,0,128,45
nr,0,9,2974,1171,181,89,119,1236,0,0,56,1533,9068,23584,3,182,7,4519,1731,3,0,5,41,15,2,2,0,8,109,12,2442,1315,20670,0,0,110,1297,23,2,1712,3,5,196,7877,6674,6,0,336,0,588,58,20,49,1,1,1,0,4620,19,17744,199,1952,724,120,78,450,733,27,1,16,287,625,66,15,781,1423,4948,83,1,15364,13,17,3920,71,26,200,34,226,539,143,54,371,64579,343,795,3199,6524,959,3292,2630,32,625,71397,353,0,122,218
nr1,0,0,2,0,0,0,0,15,0,0,0,3,0,13,0,0,0,1,1,0,0,0,0,0,0,0,0,0,1066,0,2,0,9457,0,0,0,7,1,0,0,0,0,1,806,0,1,555,0,0,0,0,0,0,0,0,0,0,10,0,14,1,1,1,0,0,3,0,0,0,0,0,13629,0,0,0,0,0,0,0,9,0,0,1,0,0,0,0,0,0,0,0,1,26,0,3,0,6,2,1,3,0,0,28,2,0,0,0
nr2,0,0,8,3,0,0,1,4,0,0,0,10,21,73,0,0,0,3,1,0,0,0,0,0,0,0,0,0,0,0,9,4,168,0,0,0,1,0,0,0,0,0,0,0,13,0,0,0,0,0,0,0,0,0,0,0,0,6,0,29,1,14,1,18,0,0,1,0,0,0,7,0,0,0,2,0,5,0,0,127,0,0,0,0,0,0,0,1,1,0,0,8,83,0,3,3,18,0,12,31,0,2,150,0,0,1,4
nrf,0,40,633,173,136,10,39,345,0,0,6,318,1849,4454,3,17,1,638,460,2,1,0,13,6,6,0,0,18,34,0,751,204,7396,0,0,57,613,23,0,1518,9,0,99,978,224,0,0,577,0,394,44,9,37,0,1,0,0,1171,0,3333,44,267,305,23,29,87,144,6,2,1,28,150,33,3,172,228,1609,54,1,4004,6,6,388,70,9,52,15,41,81,34,4,53,9500,52,102,176,1161,120,902,530,3,106,9715,390,0,14,58
nrj,0,0,32,34,3,2,1,20,0,0,0,41,112,751,0,18,0,68,38,0,0,0,0,4,0,0,0,0,0,0,37,41,444,0,0,0,16,0,0,116,0,0,1,119,8,1,0,8,30,2,4,0,0,0,0,0,0,85,0,529,13,10,8,1,1,11,32,0,0,0,14,26,4,0,51,31,340,1,0,463,0,0,89,4,2,2,0,4,5,2,0,10,1476,2,15,10,87,31,49,77,1,2,614,4,0,1,2
ns,0,1,5705,772,776,30,478,5133,0,0,28,675,4005,9950,31,98,0,988,6535,9,0,84,248,306,5,5,0,190,177,70,8858,1976,93685,7,0,630,3432,54,3,36633,185,0,2774,6554,1595,85,0,1166,25,21346,662,386,428,1,291,7,0,14212,3,5595,85,243,1080,239,74,650,108,30,2,7,111,2097,423,0,378,3102,6715,190,5,14282,240,0,3019,6,37,78,19,168,84,42,14,640,24181,373,732,614,4693,377,10465,1152,2,803,38689,1189,0,55,148
nsf,0,0,1102,120,104,6,118,606,0,0,8,168,1506,2046,3,16,0,307,1542,8,0,4,19,84,1,0,0,6,47,2,819,675,17944,7,0,96,393,8,0,3707,11,0,784,3015,126,0,1,1139,1,775,1757,473,62,0,120,15,0,2108,1,1123,9,100,100,10,11,177,28,3,5,0,15,204,61,0,92,753,793,8,0,4148,7,0,518,3,10,16,1,39,22,14,4,206,4901,72,51,42,794,62,1652,258,0,233,8092,353,0,6,20
nt,0,0,147,48,7,2,7,293,0,0,5,33,303,622,0,0,0,122,133,0,0,0,0,1,5,0,0,10,0,1,296,47,2165,0,0,8,21,0,0,1214,1,0,27,2104,32,0,0,13,0,330,46,39,2,0,4,0,0,127,0,783,9,0,11,13,0,23,8,0,0,0,3,57,3,0,14,29,532,9,0,586,1,0,55,0,0,0,0,7,4,1,0,0,2554,36,11,6,188,23,516,19,1,9,1656,7,0,0,5
ntc,0,0,97,25,5,2,2,107,0,0,3,27,225,561,1,2,0,34,115,0,0,0,42,5,0,0,0,0,4,2,259,48,4807,0,0,17,101,0,1,746,0,0,17,76,36,0,0,62,0,122,11,0,19,0,0,0,0,482,0,286,2,10,37,4,0,15,9,1,0,0,5,18,1,0,19,19,107,0,0,453,0,0,182,0,0,2,0,25,13,2,0,1,809,19,14,17,102,12,681,24,0,13,1210,467,0,0,5
ntcb,0,0,6,0,0,0,0,3,0,0,0,0,12,16,0,1,0,0,6,0,0,0,0,0,0,0,0,0,0,0,1,2,49,0,0,0,0,0,0,3,1,0,0,8,0,0,0,0,0,48,6,0,0,0,0,0,0,9,0,15,0,0,5,0,0,1,0,0,0,0,0,0,1,0,0,1,2,0,0,9,0,0,3,0,0,0,0,0,0,0,0,0,15,0,0,0,0,0,11,1,0,0,24,2,0,0,0
nto,0,0,18,12,0,0,0,40,0,0,0,1,70,167,0,0,0,3,7,0,0,0,0,0,0,0,0,0,0,0,25,17,382,0,0,0,2,0,0,81,2,0,0,494,4,0,0,0,0,63,2,0,0,0,0,0,0,30,0,106,0,0,0,0,1,2,0,0,0,0,0,1,0,0,0,2,133,0,0,82,0,0,48,0,0,0,0,0,1,0,0,0,448,11,2,0,42,1,112,0,0,3,256,1,0,0,0
ntu,0,0,7,0,0,0,0,37,0,0,0,0,27,33,0,0,0,8,0,1,0,0,0,0,2,0,0,3,0,0,27,9,217,0,0,0,0,1,0,52,26,0,1,41,19,0,0,0,0,13,2,0,0,0,0,0,0,45,0,16,0,0,0,0,0,2,0,0,0,0,0,0,0,0,1,6,22,0,0,38,0,0,7,0,0,0,0,0,2,0,0,3,138,2,1,1,31,0,36,1,0,0,71,1,0,0,0
nx,0,0,0,0,0,0,0,0,0,0,0,0,0,0,0,0,0,0,0,0,0,0,0,0,0,0,0,0,11,0,0,0,0,0,0,0,0,0,0,0,0,0,0,0,0,0,0,0,0,0,0,0,0,0,0,0,0,0,0,0,0,0,0,0,0,0,0,0,0,0,0,0,0,0,0,0,0,0,0,0,0,0,0,0,0,0,0,0,0,0,0,0,0,0,0,0,0,0,0,0,0,0,0,1,0,0,0
nz,0,6,7859,1350,886,140,470,3345,0,1,57,2141,8157,20225,69,74,55,5461,12133,105,12,20,143,88,3,4,2,85,1906,27,10139,2256,76672,7,0,1645,5306,379,15,7777,117,42,742,6770,3376,198,3,1266,85,6914,623,50,123,1,2,0,0,13952,17,9532,195,1016,1802,478,407,632,1372,124,20,17,241,2812,107,5,591,1521,4195,302,47,30560,670,144,3487,142,219,4581,57,194,354,250,206,1128,47115,414,1682,1039,10743,776,14379,2956,32,899,131546,1399,0,930,621
o,0,0,82,0,6,1,0,3,0,0,0,1,3,33,1,0,1,4,5,0,0,0,0,0,0,0,0,0,0,0,8,25,98,0,0,1,16,0,0,6,0,0,0,8,2,0,0,1,0,5,0,0,0,0,0,0,0,49,92,17,0,1,4,0,6,0,3,0,0,0,0,1,0,0,0,0,2,0,0,89,36,0,3,0,0,2,0,0,0,9,3,8,207,0,1,23,43,0,10,2,0,0,623,8,0,1,1
p,0,10,19034,3370,1280,132,1118,12789,0,5,133,300,1559,14157,36,214,13,132,13952,233,32,150,457,134,48,0,0,1014,25,66,32957,9938,169871,24,0,1858,3777,763,35,11862,170,33,1945,10919,12440,1717,16,3051,490,53402,11654,2257,1214,31,363,164,0,24684,32,7803,139,939,2281,675,327,6917,26166,1411,585,56,303,15285,4018,177,5518,17754,44618,623,12,1710,644,131,157,11,340,3067,43,0,149,4,525,320,78883,577,2419,1321,11856,1450,21138,338,4,733,24053,3309,0,109,735
pba,0,0,562,120,10,1,87,319,0,0,3,10,13,293,0,1,0,0,103,8,0,8,19,1,1,0,0,7,0,1,297,266,7535,3,0,235,103,10,3,198,0,0,25,176,266,39,1,53,10,539,72,19,17,0,1,0,0,745,0,128,0,6,95,7,1,261,2684,10,0,0,2,645,34,0,366,171,175,8,0,10,7,0,0,0,2,0,0,0,8,0,3,1,1894,5,25,33,262,51,654,0,0,22,578,79,0,0,17
pbei,0,0,881,358,46,9,34,577,0,0,7,2,6,901,1,16,0,1,101,17,5,3,40,0,0,0,1,24,3,1,538,650,8252,6,0,120,147,59,0,517,0,0,203,692,595,54,0,124,6,1153,257,57,48,0,22,2,0,2360,3,223,0,3,230,38,11,71,773,30,0,0,2,272,12,0,152,287,42,26,0,0,5,3,0,0,0,0,15,0,0,0,1,0,24671,61,348,749,1589,192,2112,0,8,2,612,61,0,0,58
q,3,0,9194,356,426,87,279,4750,0,0,27,412,2130,5743,11,29,2,2234,6816,39,17,20,101,42,11,5,0,29,85,2,5561,736,76671,7,0,1372,2164,86,11,3987,28,10,1232,5032,478,44,1,395,40,1746,371,96,172,0,13,0,0,6486,6,3180,57,342,4706,327,1441,521,231,266,2,0,44,544,14,1,103,656,902,122,25,11159,134,33,356,8,42,292,34,19,90,35,65,248,17294,196,762,807,3712,367,5529,733,32,405,74439,776,0,140,337
qt,1,0,2251,89,67,3,21,495,0,2,2,218,271,3502,4,8,2,485,7728,0,0,0,9,4,0,0,0,103,8,1,1993,337,9462,0,0,142,651,4,2,118,5,0,43,207,174,76,0,35,3,374,79,2,0,0,0,0,0,867,1,945,26,64,523,162,115,120,297,93,0,2,14,97,5,4,28,64,1812,57,6,9145,6,14,47,4,227,680,12,3,25,14,17,122,5776,53,719,465,1151,59,712,183,1,94,17864,33,0,91,43
qv,1,3,837,84,57,4,14,339,0,1,0,50,312,1190,1,1,4,608,1283,2,3,5,4,0,3,0,0,1,29,0,288,71,7811,0,0,111,254,11,0,121,0,1,16,153,58,3,0,23,1,260,26,0,0,0,0,0,0,677,4,650,3,87,265,14,107,20,44,1,0,0,2,15,0,0,8,48,189,25,3,1054,21,3,59,2,11,117,0,0,0,4,31,17,3823,54,140,257,972,87,1429,113,1,79,10448,178,0,18,16
r,0,0,1985,396,39,28,226,829,0,0,26,347,285,6444,7,26,0,33,682,16,8,10,31,32,1,0,0,21,24,6,2314,403,22309,0,0,198,195,42,2,1998,86,6,184,1454,190,38,0,57,14,469,122,15,12,0,17,0,0,1693,2,2699,98,196,231,57,36,609,447,9,0,0,20,344,19,6,35,304,2050,19,2,2335,36,20,90,1,13,8,6,7,44,11,0,18,13099,104,369,162,1938,294,5388,295,4,328,4928,172,0,9,60
rr,0,0,5353,1830,111,181,250,1439,0,0,88,3384,4542,47315,7,223,19,280,1962,3,0,0,42,119,0,0,1,9,55,35,2564,2402,16109,0,0,32,427,63,0,726,3,0,93,487,100,1,0,27,0,233,8,4,1,0,4,0,0,3721,12,15555,1181,1019,1102,135,29,1075,1784,251,23,19,937,1487,376,34,1162,2962,4300,32,37,35219,5,161,76,120,101,540,113,507,937,173,2,61,73900,219,2718,230,7851,1498,4216,6495,19,1934,13841,96,0,524,292
ry,0,0,592,29,31,4,62,75,0,0,0,52,93,2041,2,0,4,59,39,0,0,0,1,1,0,0,0,0,0,0,79,166,5514,0,0,87,96,9,0,53,1,0,31,96,4,2,0,0,0,12,7,0,0,0,0,0,0,223,2,439,14,7,204,72,73,9,55,25,0,0,4,74,0,0,12,56,22,22,0,384,29,3,3,4,4,104,7,0,29,10,0,6,2183,1,365,18,284,29,569,355,0,134,3287,26,0,386,6
rys,0,0,19,0,0,0,0,0,0,0,0,0,8,131,0,5,0,12,1,0,0,0,0,0,0,0,0,0,0,0,16,0,74,0,0,1,4,0,0,0,0,0,0,0,0,0,0,0,0,2,0,0,0,0,0,0,0,2,0,8,0,0,2,1,0,0,3,0,12,0,0,4,0,0,0,0,0,0,0,28,0,0,0,0,2,99,0,0,0,0,0,0,271,0,163,5,39,1,21,23,0,33,1907,1,0,54,0
ryt,0,0,1,8,0,0,0,0,0,0,0,1,1,99,1,0,0,2,2,0,0,0,0,0,0,0,0,0,0,0,0,8,24,0,0,1,1,1,0,0,0,0,0,0,0,0,0,0,0,1,0,0,0,0,0,0,0,10,0,8,0,4,0,0,0,0,7,11,0,0,0,0,0,0,0,0,0,0,0,10,0,1,0,0,3,16,0,0,0,0,0,0,249,1,24,3,57,0,11,2,0,1,317,1,0,4,0
ryv,0,0,261,65,4,2,23,65,0,0,1,100,73,1608,0,6,0,15,30,1,0,0,0,0,0,0,0,1,1,0,72,111,534,0,0,22,32,1,0,27,0,0,5,17,29,5,0,5,3,54,10,0,1,0,0,0,0,314,0,637,67,53,51,7,0,29,133,3,0,0,32,154,3,1,75,9,100,3,4,1150,7,0,4,0,40,116,4,0,0,0,0,0,6572,8,162,30,527,59,896,56,3,61,1798,3,0,214,10
rz,0,9,7419,592,217,101,397,2068,0,1,27,366,1221,8365,5,31,1,53,970,100,17,5,126,127,17,0,0,20,163,30,3465,3074,59620,3,0,476,1346,73,0,4596,24,19,439,3021,345,31,0,84,21,937,139,16,83,0,4,2,0,3892,0,4553,71,749,2239,862,361,130,471,42,0,1,596,565,25,4,90,760,1554,103,7,3399,71,11,455,17,28,35,19,13,387,11,6,19,21758,166,387,398,3208,592,6113,1231,27,1160,12404,346,0,42,150
rzs,0,0,203,90,4,5,15,99,0,0,3,79,98,1121,1,1,0,10,1515,0,0,10,0,2,0,0,0,1,3,0,140,63,3297,0,0,26,115,1,0,185,0,0,54,113,16,0,0,3,0,9,2,0,1,0,2,0,0,247,0,314,8,25,233,6,65,29,65,0,1,0,10,150,0,0,1,21,62,4,1,1357,3,1,29,1,14,51,3,3,13,1,0,11,2718,25,120,19,439,52,573,203,6,194,1686,41,0,36,11
rzt,0,0,16,9,0,1,0,6,0,0,0,17,3,179,0,0,0,0,8,0,0,0,0,0,0,0,0,0,0,0,13,33,118,0,0,0,5,0,0,8,0,0,6,20,31,3,0,2,0,14,1,0,0,0,0,0,0,34,0,36,1,6,0,0,0,13,157,1,0,0,0,7,0,0,0,6,25,0,1,137,0,0,0,0,0,0,0,0,1,0,0,0,177,2,54,0,14,1,9,19,0,12,626,1,0,0,2
rzv,0,1,1897,360,14,57,86,708,0,0,30,1553,544,9428,3,15,3,9,925,16,5,2,14,4,0,0,0,2,10,43,9443,4410,9647,0,0,144,419,9,1,241,0,0,74,395,64,4,0,7,1,51,16,0,11,0,0,0,0,1233,3,2080,59,127,10291,335,779,166,514,56,5,0,84,851,9,0,100,179,359,35,2,5628,9,20,25,68,1,41,3,3,72,44,0,84,8491,26,704,79,606,239,730,8695,1,108,2428,12,0,114,85
s,0,0,2410,378,65,42,193,946,0,0,16,409,628,4941,7,44,6,447,941,16,21,4,79,79,5,0,0,3,12,3,2126,964,17698,3,0,204,503,23,4,1988,3,3,307,708,128,14,0,49,2,256,33,2,24,0,0,0,0,2159,12,1245,60,281,228,15,36,172,117,37,7,0,18,425,21,0,175,397,208,74,77,8706,71,2,64,17,85,154,14,5,79,18,4,30,17631,139,851,124,3888,323,5176,195,7,1275,16483,110,0,38,109
t,1,0,4717,1595,171,76,164,1974,0,0,37,1602,2384,24243,9,31,0,1435,14125,6,2,8,63,131,7,0,1,191,17,13,13336,2369,36004,0,0,217,1060,71,1,1313,8,5,393,1206,2064,145,2,500,64,7128,1136,311,198,8,50,14,0,5009,4,16329,120,1258,1613,738,177,1455,4445,79,2,1,156,1335,134,72,631,945,35658,2615,364,18927,26,29,118,15,74,456,141,56,176,280,4,299,47107,538,5544,338,9131,433,6095,2251,8,1786,102086,886,0,91,162
tg,4,1,197,22,157,0,20,364,0,0,0,28,90,703,7,2,0,72,270,0,0,3,0,2,1,0,0,6,13,0,416,95,2424,0,0,11,440,2,0,70,3,0,6,249,83,20,0,12,3,313,13,0,1,0,0,0,0,349,0,597,2,37,127,29,59,143,87,6,0,0,0,621,4,0,8,100,667,182,0,383,8,0,8,0,0,191,12,0,4,0,3,14,1779,4,163,64,275,19,154,43,0,61,2909,18,0,8,4
u,0,0,5,4,0,0,1,5,0,0,0,7,10,108,0,0,0,2,18,0,0,0,0,1,0,0,0,0,0,0,37,54,108,0,0,0,12,0,0,0,0,0,1,3,4,0,0,1,0,18,3,0,0,0,0,0,0,37,0,11,0,0,6,0,0,0,65,0,0,0,0,3,1,0,3,1,6,0,0,39,5,1,0,0,0,11,0,0,0,0,0,1,71,0,1,1,4,1,3,15,0,1,2654,0,0,4,0
ude1,0,1,38389,2972,722,176,4995,15199,0,6,85,3164,267,12694,27,30,26,221,4053,596,176,165,850,816,161,10,0,221,33,153,25584,14573,401011,36,0,4822,1990,680,78,6816,157,240,3677,13536,11394,1675,18,2905,212,10644,2727,438,632,9,34,15,0,30225,28,1722,45,189,2128,471,132,2189,3387,190,2,0,30,3396,95,1,2206,3904,5659,322,1,166,97,7,47,0,34,165,26,43,27,87,2,2,16585,263,253,812,3781,1179,118289,10470,20,773,56839,3933,0,721,1094
ude2,0,0,332,90,15,16,18,37,0,0,0,11,201,846,1,1,1,69,158,0,0,1,0,0,0,0,0,0,7,3,107,52,1231,0,0,5,64,0,0,58,0,0,6,39,18,1,0,7,0,35,4,0,0,0,0,0,0,460,0,1594,196,111,36,0,7,9,13,0,0,0,28,20,0,0,10,16,20,12,2,244,10,2,16,0,3,6,7,0,4,1,0,4,11663,69,234,39,1095,68,1031,43,24,96,1803,9,0,4,8
ude3,0,0,1782,368,18,480,78,26,0,0,10,65,58,2605,3,9,0,3,144,0,0,0,0,0,0,0,0,0,0,14,179,107,606,0,0,4,33,36,0,5,0,0,8,6,39,1,0,4,0,15,2,0,1,0,0,0,0,385,5,212,34,7,22,5,6,12,73,10,0,0,58,115,10,0,53,6,49,19,0,45,0,3,29,0,71,0,9,0,0,3,9,8,1502,7,186,17,308,113,43,48,0,94,184,3,0,6,199
udeng,0,0,2599,165,17,29,132,1547,0,0,14,15,90,1818,2,5,0,102,193,55,11,6,101,0,1,1,0,4,1,0,4878,1302,25763,0,0,156,259,10,0,277,16,0,195,334,50,14,0,3,1,268,35,38,17,0,1,0,0,882,0,589,11,39,95,14,30,307,508,26,0,4,2,519,19,0,146,187,208,21,0,286,0,10,3,0,20,0,0,4,12,11,1,3,3427,74,101,55,515,113,3224,18,4,82,8310,15,0,2,22
udh,0,0,6,5,0,2,1,1,0,0,0,10,10,181,0,0,0,9,22,0,0,0,0,0,0,0,0,0,0,0,4,1,40,0,0,0,8,0,0,1,0,0,0,1,0,0,0,0,0,0,0,0,0,0,0,0,0,5,0,16,0,1,1,0,0,1,25,4,0,0,1,3,2,0,4,0,4,0,0,1,0,0,0,0,0,9,0,40,2,0,0,0,317,0,16,0,5,4,2,7,0,5,1896,0,0,3,0
uguo,0,0,1457,32,11,6,19,147,0,0,3,26,17,268,0,0,0,27,216,0,0,0,16,6,1,0,0,17,0,16,922,1001,2259,1,0,45,99,21,0,104,7,0,22,132,140,9,0,40,2,228,87,11,9,0,0,1,0,432,1,93,4,5,222,17,8,134,356,95,1,0,16,250,15,0,177,74,380,2,0,905,0,0,1,6,11,0,0,12,0,11,0,10,718,4,32,12,278,20,342,5,0,25,2412,34,0,48,1
ule,1,0,9130,1377,153,111,457,2989,0,1,131,283,378,6377,1,49,31,703,1464,26,0,14,130,39,10,2,0,78,11,47,18938,14652,32949,0,0,512,876,207,12,1926,23,8,378,1287,2767,437,6,600,68,4924,861,175,190,2,20,13,0,4857,9,2389,57,98,2145,247,107,1355,5696,817,33,23,169,2439,149,2,2010,1811,4263,83,2,371,29,0,4,11,25,40,4,0,28,23,0,80,10461,169,2204,187,2554,557,5298,30,0,141,47044,658,0,994,271
ulian,0,0,69,0,8,0,0,30,0,0,0,3,13,81,0,1,0,0,95,1,0,0,3,0,0,0,0,0,0,0,54,80,884,0,0,17,123,1,0,31,6,0,31,88,105,2,0,13,11,46,23,0,0,0,0,0,0,119,0,75,1,5,126,2,9,12,177,1,0,0,0,43,13,0,13,35,42,0,0,18,0,28,14,0,3,0,0,0,0,0,0,0,768,2,43,11,150,10,48,0,0,5,99,24,0,0,2
uls,0,0,14,19,0,8,0,3,0,0,2,65,18,575,0,0,0,4,1,0,0,0,0,0,0,0,0,0,0,0,4,5,76,0,0,0,1,0,0,0,0,0,0,0,0,0,0,0,0,4,2,0,0,0,0,0,0,19,0,17,0,0,1,0,0,3,25,4,0,0,4,10,0,1,23,0,5,0,0,13,0,0,0,4,1,0,0,0,1,1,0,5,201,1,8,0,9,15,24,306,0,13,4166,0,0,16,3
usuo,0,0,141,25,4,1,7,168,0,0,2,1,58,135,0,0,0,6,106,0,0,0,5,0,1,0,0,0,0,0,18,9,662,0,0,0,29,0,0,583,3,0,3,210,30,0,0,0,0,15,1,2,0,0,0,0,0,145,0,394,0,3,9,2,2,2,0,0,0,0,5,3,0,0,0,4,12,0,0,57,0,0,16,0,6,1,0,0,6,0,11,2,7006,3,36,488,252,22,366,4,0,0,396,2,0,1,0
uyy,0,0,331,21,4,15,6,12,0,0,2,7,7,135,0,2,0,19,14,0,0,0,0,0,1,0,0,0,0,0,3,0,119,0,0,0,5,0,0,0,0,0,0,1,0,0,0,0,0,0,0,0,1,0,0,0,0,65,2,88,5,16,7,1,0,1,7,0,0,0,0,2,0,0,0,2,3,0,0,1142,56,1,0,1,2,73,0,0,0,3,0,0,576,5,19,1,126,31,53,27,0,38,2692,0,0,33,37
uzhe,0,0,961,58,23,9,52,206,0,0,23,36,60,659,0,24,0,10,123,0,0,3,8,2,0,0,0,6,2,6,851,1170,5448,0,0,109,107,8,0,88,0,3,62,130,261,30,1,73,13,300,52,1,13,0,0,1,0,859,2,334,25,20,121,22,6,73,1233,62,0,0,62,321,13,0,241,141,190,16,1,249,37,0,23,0,10,0,0,0,0,4,0,0,1744,5,83,29,489,76,268,9,0,7,2345,42,0,84,133
uzhi,0,0,1355,42,219,1,5,506,0,0,0,15,81,680,3,0,0,2,257,0,0,0,2,1,0,0,0,1,5,0,152,7,4660,0,0,6,2483,1,0,9,0,0,1,14,23,0,0,5,0,18,6,0,0,0,0,0,0,267,0,252,0,0,697,490,886,0,6,0,0,0,1,59,1,0,0,17,22,224,0,13,216,2,0,0,3,1,0,0,88,0,1,0,1965,2,2,392,312,24,93,0,0,23,640,0,0,6,15
v,1,22,78514,15464,2674,802,6654,30187,0,12,543,7424,21508,81624,263,553,87,11102,34869,795,169,210,1215,424,91,17,15,1238,2738,300,87141,33638,533076,26,1,7496,24845,3340,191,22931,263,225,4589,26549,21216,2364,35,5334,675,47786,11599,1643,1580,38,233,102,0,62802,96,86826,3954,4175,11790,3153,2618,11694,57432,4705,1808,189,2052,25270,2358,56,11343,14666,30616,1402,149,106027,2097,5560,3647,471,7451,132477,117,62,584,83,15972,1716,205596,1082,36130,5160,19388,7490,261427,10903,156,10066,467669,6022,0,2896,1872
vd,0,0,591,77,25,0,80,78,0,0,3,34,116,420,4,0,1,108,109,2,0,0,8,0,2,0,0,3,19,0,522,228,1657,0,0,9,18,1,0,220,0,0,1,47,29,1,0,8,0,30,3,0,7,0,0,0,0,362,3,893,19,17,30,3,9,14,22,0,0,1,0,22,1,0,24,26,124,4,21,679,31,0,24,0,4,248,0,0,0,0,34,7,9895,46,124,61,2740,30,2452,30,1,28,1955,91,0,6,7
vf,0,0,2315,391,112,40,125,783,0,0,26,178,347,3662,4,14,3,254,1337,9,1,2,13,30,8,0,0,53,29,8,3261,2665,13443,6,0,162,590,115,6,1840,6,1,57,205,453,48,0,110,5,2834,431,21,23,0,0,0,0,2551,6,1515,67,91,670,322,72,238,1169,234,108,1,64,609,329,1,435,867,866,103,12,7251,15,41,20,49,408,9131,3,12,17,8,6,28,15800,64,464,220,2795,228,2646,201,31,149,24342,191,0,319,138
vg,0,15,1228,107,518,8,55,1110,0,1,9,106,444,1282,17,8,2,2962,814,8,6,0,7,1,0,0,0,15,75,2,1343,193,7520,0,0,500,2133,13,1,475,2,4,251,439,417,8,0,137,16,574,51,3,11,1,0,0,0,896,4,827,7,59,507,99,141,35,175,51,0,1,7,383,15,0,25,66,562,49,1,1123,63,86,159,6,19,509,6,7,57,4,62,141,5311,8,657,832,828,36,692,127,0,244,8591,222,0,45,70
vi,0,0,5325,718,187,104,353,1501,0,0,14,1684,4186,12382,25,28,24,6123,14220,15,3,22,37,51,8,0,0,104,1329,24,9806,2199,46341,1,0,377,7146,116,24,1566,15,8,757,1723,1220,37,3,213,23,2430,382,56,75,1,3,1,0,5499,18,11272,189,735,741,495,475,511,1573,201,18,9,145,815,56,9,411,1354,2695,207,75,30736,767,464,1685,132,423,8684,19,42,75,115,770,928,33428,175,2745,738,10687,474,10980,1074,17,474,126300,531,0,1035,144
vl,0,0,364,36,17,10,39,81,0,0,3,127,389,913,0,2,2,910,443,0,0,0,1,2,0,0,0,1,75,1,128,102,1838,0,0,26,162,1,1,87,0,0,7,48,61,7,0,9,0,39,13,0,5,0,0,0,0,331,0,341,43,44,40,1,16,20,163,11,1,0,11,50,3,0,43,24,59,9,1,11012,1482,4,229,39,13,541,1,4,6,22,13,188,2482,12,100,54,325,137,578,159,19,45,37198,13,0,278,17
vn,0,0,16149,2958,272,125,2508,6345,0,1,94,3139,24876,25892,44,58,38,8396,28640,243,51,100,557,202,38,0,5,153,1703,30,12497,4497,212336,0,0,737,6866,611,18,12167,73,24,726,7704,1758,119,5,470,71,2585,600,200,203,0,5,4,0,9107,4,13259,105,707,3401,1560,1293,2126,5134,487,11,46,365,3737,232,6,1438,3549,3026,146,220,58302,12,530,6292,174,1134,13280,19,94,495,122,767,1514,84888,725,3558,893,14383,1382,65800,3703,52,1162,272548,1167,0,1189,235
vshi,1,0,6475,1136,134,177,333,2676,0,0,183,179,483,8526,10,190,0,7,929,66,32,14,80,134,11,1,4,95,6,37,4489,10093,26649,2,1,529,398,344,7,1375,26,13,477,2568,2606,122,1,587,117,7334,1370,221,183,6,35,23,0,5284,4,13013,304,526,2629,135,34,1040,6147,1967,35,15,1138,1629,111,4,845,1109,4448,80,2,111,7,13,5,6,10,3,19,1,4,191,2,0,20321,298,366,364,2408,1674,2761,20,0,932,11833,441,0,90,307
vx,0,0,84,51,1,0,0,35,0,0,0,0,10,39,0,0,0,0,0,0,0,0,0,0,0,0,0,0,0,0,9,1,126,0,0,0,0,0,0,0,0,0,0,14,0,0,0,0,0,0,0,0,0,0,0,0,0,39,0,12,0,0,1,0,0,1,0,0,0,0,0,1,0,0,0,3,0,0,0,3,0,0,0,0,0,60,0,0,0,0,0,0,1160,26,0,0,124,0,340,0,0,0,13,0,0,0,0
vyou,0,0,5700,945,131,26,388,1454,0,0,84,209,63,3235,3,15,1,26,374,53,3,6,147,12,4,1,0,9,49,33,12223,6703,23372,3,0,219,643,260,14,326,17,6,237,1173,427,4,3,77,0,514,119,14,22,0,0,2,0,1950,0,742,15,120,2033,40,115,274,884,1911,1,23,127,881,60,0,653,201,384,21,0,4,26,19,1,0,527,2382,0,0,0,12,0,38,6458,70,70,339,1397,224,2222,1,0,4,2566,113,0,27,68
w,19,20,69136,24021,3740,1258,3386,32395,0,37,1244,118524,52666,223028,172,2313,665,803924,32198,597,208,427,1334,585,145,30,30,1655,736,328,79456,27153,398987,72,0,10204,9936,2803,346,24944,390,357,5726,40592,98763,8513,103,14216,1689,103860,16577,4871,3396,95,868,288,1,92827,585,144354,4437,6194,7346,2610,678,22470,95385,2435,119,81,3324,41180,2941,618,31291,12976,88216,2759,34,26867,452,297,4869,58,493,885,1139,71,742,202,85,705,424453,5039,5619,5246,46096,13599,55165,15431,132,12305,190768,19442,23,487,3187
x,0,0,702,119,112,2,15,881,0,0,1,266,1359,2243,8,5,1,1055,920,23,2,1,84,27,17,0,0,1,563,1,243,110,11623,0,0,77,974,689,8,810,0,15,421,580,297,0,0,171,0,373,88,19,37,0,0,0,0,1644,1,1194,4,80,1460,55,1135,54,34,22,0,0,12,121,6,0,70,192,283,22,1,3013,14,5,500,4,10,56,4,39,19,31,0,11,5035,45,116,88,872,49,1423,427,1,171,24800,408,4,30,26
xu,0,0,0,0,0,0,0,0,0,0,0,3,0,0,0,0,0,8,0,0,0,0,0,0,0,0,0,0,0,0,0,0,1,0,0,0,0,0,0,0,0,0,0,0,0,0,0,0,0,0,0,0,0,0,0,0,0,1,0,0,0,0,0,0,0,0,0,0,0,0,0,0,0,0,0,0,0,0,0,0,0,0,0,0,0,0,0,0,0,0,0,0,0,0,0,0,0,0,0,0,0,0,19,0,0,0,0
y,0,0,24,6,4,0,2,8,0,0,0,12,3,36,0,0,8,212,6,0,0,0,0,0,0,0,0,0,0,0,10,3,148,0,0,10,24,0,0,0,0,0,0,2,4,0,0,0,0,0,6,0,0,0,0,0,0,17,7,9,0,0,3,1,1,0,20,4,0,0,0,10,0,0,10,5,7,0,0,11,0,1,7,0,0,12,1,0,0,0,0,1,102,0,3,5,12,4,3,6,0,4,18986,5,0,21,0
z,0,0,441,12,5,2,58,163,0,0,0,42,110,410,0,3,1,127,90,1,0,0,2,1,0,0,0,0,12,1,359,321,3682,0,0,80,84,6,2,61,0,0,61,238,20,0,0,10,1,64,1,0,0,0,0,0,0,468,0,331,18,19,31,33,11,4,27,2,0,0,4,16,0,1,12,41,131,2,0,3586,616,1,8,8,28,50,0,1,0,0,6,28,2085,6,56,21,526,69,255,214,0,44,4003,24,0,49,65
